#pattern name	sequence name	start	stop	score	p-value	q-value	matched sequence
1	supercont2.7	2188160	2188150	19.0383	1.68e-07	0.3	TCGCTCTCCGA
1	supercont2.7	2210044	2210054	19.0383	1.68e-07	0.3	TCGCTCTCCGA
1	supercont2.7	1907270	1907260	18.2848	3.36e-07	0.3	TCGCTCACCGA
1	supercont2.7	109793	109783	18.0022	4.75e-07	0.3	TCGCCCTCCGA
1	supercont2.7	2196034	2196044	17.9081	6.43e-07	0.3	TCGCTGTCCGA
1	supercont2.7	2205663	2205673	17.9081	6.43e-07	0.3	TCGCTGTCCGA
1	supercont2.7	2209401	2209391	17.9081	6.43e-07	0.3	TCGCTGTCCGA
1	supercont2.7	2217271	2217261	17.9081	6.43e-07	0.3	TCGCTGTCCGA
1	supercont2.7	2247349	2247339	17.9081	6.43e-07	0.3	TCGCTGTCCGA
1	supercont2.7	733852	733842	17.5313	9.19e-07	0.3	TCGCTCCCCGA
1	supercont2.7	2191278	2191268	17.5313	9.19e-07	0.3	TCGCTCGCCGA
1	supercont2.7	2204812	2204822	17.5313	9.19e-07	0.3	TCGCTCGCCGA
1	supercont2.7	1405135	1405125	17.4371	1.09e-06	0.3	TCGGTCTCCGA
1	supercont2.7	2213930	2213920	17.4371	1.09e-06	0.3	TCGGTCTCCGA
1	supercont2.7	2134200	2134210	17.4371	1.09e-06	0.3	TCGGTCTCCGA
1	supercont2.7	2190400	2190390	17.2487	1.23e-06	0.3	TCGCCCACCGA
1	supercont2.7	1256841	1256831	17.1546	1.6e-06	0.3	TCGCTGACCGA
1	supercont2.7	1684572	1684562	17.1546	1.6e-06	0.3	TCGCTGACCGA
1	supercont2.7	2186227	2186217	17.1546	1.6e-06	0.3	TCGCTGACCGA
1	supercont2.7	2237540	2237530	17.1546	1.6e-06	0.3	TCGCTGACCGA
1	supercont2.7	500857	500867	17.1546	1.6e-06	0.3	TCGTTCTCCGA
1	supercont2.7	830376	830386	17.1546	1.6e-06	0.3	TCGCTGACCGA
1	supercont2.7	1947278	1947288	17.1546	1.6e-06	0.3	TCGCTGACCGA
1	supercont2.7	2151912	2151922	17.1546	1.6e-06	0.3	TCGTTCTCCGA
1	supercont2.7	555689	555699	16.872	1.74e-06	0.306	TCGCCGTCCGA
1	supercont2.7	2164747	2164737	16.6836	1.9e-06	0.306	TCGGTCACCGA
1	supercont2.7	161135	161145	16.5894	2.11e-06	0.306	TCGCTTTCCGA
1	supercont2.7	1233418	1233408	16.5894	2.11e-06	0.306	TCGCTTTCCGA
1	supercont2.7	2216021	2216031	16.5894	2.11e-06	0.306	TCGCTTTCCGA
1	supercont2.7	2223957	2223947	16.5894	2.11e-06	0.306	TCGCTTTCCGA
1	supercont2.7	2239504	2239494	16.5894	2.11e-06	0.306	TCGCTTTCCGA
1	supercont2.7	207866	207876	16.4953	2.34e-06	0.319	TCGCCCGCCGA
1	supercont2.7	2122383	2122393	16.4953	2.34e-06	0.319	TCGCCCGCCGA
1	supercont2.7	834133	834143	16.4011	2.96e-06	0.333	TCGTTCACCGA
1	supercont2.7	851841	851831	16.4011	2.96e-06	0.333	TCGCTGGCCGA
1	supercont2.7	1090000	1089990	16.4011	2.96e-06	0.333	TCGCTGGCCGA
1	supercont2.7	1296429	1296439	16.4011	2.96e-06	0.333	TCGTTCACCGA
1	supercont2.7	1721369	1721359	16.4011	2.96e-06	0.333	TCGCTGGCCGA
1	supercont2.7	2199435	2199445	16.4011	2.96e-06	0.333	TCGCTGGCCGA
1	supercont2.7	2238358	2238368	16.4011	2.96e-06	0.333	TCGCTGGCCGA
1	supercont2.7	834721	834731	16.3069	3.12e-06	0.343	TCGGTGTCCGA
1	supercont2.7	624423	624433	16.1185	3.43e-06	0.351	TCGCCGACCGA
1	supercont2.7	945207	945217	16.1185	3.43e-06	0.351	TCGCCGACCGA
1	supercont2.7	2212581	2212571	16.1185	3.43e-06	0.351	TCGTCCTCCGA
1	supercont2.7	1775675	1775665	16.0243	3.63e-06	0.363	TCGTTGTCCGA
1	supercont2.7	283858	283848	15.9301	3.91e-06	0.374	TCGGTCGCCGA
1	supercont2.7	2212132	2212122	15.9301	3.91e-06	0.374	TCGGTCCCCGA
1	supercont2.7	2219058	2219048	15.7418	4.28e-06	0.389	TCGCACTCCGA
1	supercont2.7	735662	735652	15.6476	4.76e-06	0.389	TCGTTCCCCGA
1	supercont2.7	1022321	1022311	15.6476	4.76e-06	0.389	TCGTTCGCCGA
1	supercont2.7	155222	155232	15.6476	4.76e-06	0.389	TCGTTCCCCGA
1	supercont2.7	654277	654287	15.6476	4.76e-06	0.389	TCGGCCACCGA
1	supercont2.7	1002004	1002014	15.6476	4.76e-06	0.389	TCGTTCCCCGA
1	supercont2.7	1298681	1298691	15.6476	4.76e-06	0.389	TCGTTCGCCGA
1	supercont2.7	2029005	2029015	15.6476	4.76e-06	0.389	TCGTTCCCCGA
1	supercont2.7	157224	157214	15.5534	5.23e-06	0.406	TCGCTCTCCGG
1	supercont2.7	2048492	2048502	15.5534	5.23e-06	0.406	TCGCTCTCCGG
1	supercont2.7	2164737	2164747	15.5534	5.23e-06	0.406	TCGGTGACCGA
1	supercont2.7	205610	205600	15.365	5.63e-06	0.409	TCGTCCACCGA
1	supercont2.7	999551	999561	15.365	5.63e-06	0.409	TCGCCGGCCGA
1	supercont2.7	1036307	1036297	15.365	5.63e-06	0.409	TCGTCCACCGA
1	supercont2.7	1836823	1836833	15.365	5.63e-06	0.409	TCGCCGCCCGA
1	supercont2.7	99894	99884	15.2708	6.14e-06	0.419	TCGCTCTGCGA
1	supercont2.7	188200	188210	15.2708	6.14e-06	0.419	TCGCTCTGCGA
1	supercont2.7	1812525	1812515	15.2708	6.14e-06	0.419	TCGTTGACCGA
1	supercont2.7	2239853	2239843	15.2708	6.14e-06	0.419	TCGTTGACCGA
1	supercont2.7	691434	691444	15.0825	6.48e-06	0.429	TCGCTTGCCGA
1	supercont2.7	2217276	2217286	15.0825	6.48e-06	0.429	TCGCTTCCCGA
1	supercont2.7	160999	160989	14.9883	7.02e-06	0.439	TCGTCGTCCGA
1	supercont2.7	740371	740361	14.9883	7.02e-06	0.439	TCGTCGTCCGA
1	supercont2.7	807206	807196	14.9883	7.02e-06	0.439	TCGGTTTCCGA
1	supercont2.7	1856310	1856300	14.9883	7.02e-06	0.439	TCGTCGTCCGA
1	supercont2.7	31463	31453	14.7999	7.83e-06	0.468	TCGGTGCCCGA
1	supercont2.7	654287	654277	14.7999	7.83e-06	0.468	TCGGTGGCCGA
1	supercont2.7	1270706	1270696	14.7057	8.08e-06	0.468	TCGTTTTCCGA
1	supercont2.7	1837008	1837018	14.7057	8.08e-06	0.468	TCGTTTTCCGA
1	supercont2.7	1877226	1877236	14.7057	8.08e-06	0.468	TCGTTTTCCGA
1	supercont2.7	8784	8774	14.6115	8.52e-06	0.468	TCGTCCCCCGA
1	supercont2.7	1154157	1154147	14.6115	8.52e-06	0.468	TCGTCCGCCGA
1	supercont2.7	1445484	1445474	14.6115	8.52e-06	0.468	TCGTCCGCCGA
1	supercont2.7	1662446	1662436	14.6115	8.52e-06	0.468	TCGCAGTCCGA
1	supercont2.7	1681089	1681099	14.6115	8.52e-06	0.468	TCGCAGTCCGA
1	supercont2.7	283848	283858	14.5174	9.28e-06	0.474	TCGGCGACCGA
1	supercont2.7	532446	532436	14.5174	9.28e-06	0.474	TCGTTGCCCGA
1	supercont2.7	1948502	1948492	14.5174	9.28e-06	0.474	TCGCTCAGCGA
1	supercont2.7	1977922	1977932	14.5174	9.28e-06	0.474	TCGCCCTCCGG
1	supercont2.7	2092095	2092105	14.5174	9.28e-06	0.474	TCGCTCAGCGA
1	supercont2.7	2202166	2202156	14.5174	9.28e-06	0.474	TCGCTCAGCGA
1	supercont2.7	1361861	1361851	14.4232	9.41e-06	0.476	TCGCTGTCCGG
1	supercont2.7	1391457	1391467	14.2348	1.02e-05	0.499	TCGCACGCCGA
1	supercont2.7	2083449	2083439	14.2348	1.02e-05	0.499	TCGCCCTGCGA
1	supercont2.7	2115850	2115840	14.2348	1.02e-05	0.499	TCGGTTACCGA
1	supercont2.7	914584	914574	14.1406	1.05e-05	0.505	TCGCTGTGCGA
1	supercont2.7	928108	928118	14.1406	1.05e-05	0.505	TCGGACTCCGA
1	supercont2.7	1679579	1679569	14.0464	1.1e-05	0.518	TCGCTCGCCGG
1	supercont2.7	2065734	2065724	14.0464	1.1e-05	0.518	TCGCCTCCCGA
1	supercont2.7	354657	354647	13.9522	1.16e-05	0.519	TCGTTTACCGA
1	supercont2.7	1224320	1224310	13.9522	1.16e-05	0.519	TCGGCTTCCGA
1	supercont2.7	1973745	1973735	13.9522	1.16e-05	0.519	TCGGTCTCCGG
1	supercont2.7	2198466	2198476	13.9522	1.16e-05	0.519	TCGGCTTCCGA
1	supercont2.7	1994883	1994893	13.858	1.2e-05	0.519	TCGCAGACCGA
1	supercont2.7	101709	101699	13.7639	1.26e-05	0.519	TCGCCCACCGG
1	supercont2.7	227903	227893	13.7639	1.26e-05	0.519	TCGCCCACCGG
1	supercont2.7	736844	736834	13.7639	1.26e-05	0.519	TCGGCGCCCGA
1	supercont2.7	925025	925035	13.7639	1.26e-05	0.519	TCGCCCACCGG
1	supercont2.7	941897	941907	13.7639	1.26e-05	0.519	TCGCTCCGCGA
1	supercont2.7	1779050	1779060	13.7639	1.26e-05	0.519	TCGCTCCGCGA
1	supercont2.7	2134908	2134898	13.7639	1.26e-05	0.519	TCGCCCACCGG
1	supercont2.7	2191596	2191586	13.7639	1.26e-05	0.519	TCGCCCACCGG
1	supercont2.7	152080	152090	13.6697	1.33e-05	0.519	TCGTCTTCCGA
1	supercont2.7	152813	152823	13.6697	1.33e-05	0.519	TCGTCTTCCGA
1	supercont2.7	416150	416140	13.6697	1.33e-05	0.519	TCGTTCTCCGG
1	supercont2.7	1489411	1489421	13.6697	1.33e-05	0.519	TCGTCTTCCGA
1	supercont2.7	1529300	1529290	13.6697	1.33e-05	0.519	TCGTCTTCCGA
1	supercont2.7	1994893	1994883	13.6697	1.33e-05	0.519	TCGGTCTGCGA
1	supercont2.7	1033703	1033713	13.4813	1.4e-05	0.53	TCGCCCAGCGA
1	supercont2.7	1224133	1224123	13.4813	1.4e-05	0.53	TCGGTTCCCGA
1	supercont2.7	1650000	1650010	13.4813	1.4e-05	0.53	TCGCCCAGCGA
1	supercont2.7	2213964	2213954	13.4813	1.4e-05	0.53	TCGTCGCCCGA
1	supercont2.7	834731	834721	13.3871	1.47e-05	0.532	TCGGACACCGA
1	supercont2.7	1489030	1489040	13.3871	1.47e-05	0.532	TCGTTCTGCGA
1	supercont2.7	1948492	1948502	13.3871	1.47e-05	0.532	TCGCTGAGCGA
1	supercont2.7	2092105	2092095	13.3871	1.47e-05	0.532	TCGCTGAGCGA
1	supercont2.7	2202156	2202166	13.3871	1.47e-05	0.532	TCGCTGAGCGA
1	supercont2.7	517141	517151	13.2929	1.49e-05	0.536	TCGCATTCCGA
1	supercont2.7	665427	665437	13.1987	1.56e-05	0.547	TCGGTCACCGG
1	supercont2.7	837198	837188	13.1987	1.56e-05	0.547	TCGGTCACCGG
1	supercont2.7	781202	781212	13.1046	1.64e-05	0.547	TCGCCGTGCGA
1	supercont2.7	1211742	1211732	13.1046	1.64e-05	0.547	TCGCCGTGCGA
1	supercont2.7	1560037	1560027	13.1046	1.64e-05	0.547	TCGCAGCCCGA
1	supercont2.7	1896031	1896041	13.1046	1.64e-05	0.547	TCGTACACCGA
1	supercont2.7	1900276	1900286	13.1046	1.64e-05	0.547	TCGCTTTCCGG
1	supercont2.7	2069719	2069709	13.1046	1.64e-05	0.547	TCGCTTTCCGG
1	supercont2.7	2251189	2251179	13.1046	1.64e-05	0.547	TCGCAGCCCGA
1	supercont2.7	625555	625565	13.0104	1.67e-05	0.547	TCGCCCCCCGG
1	supercont2.7	928118	928108	13.0104	1.67e-05	0.547	TCGGAGTCCGA
1	supercont2.7	150593	150603	12.9162	1.76e-05	0.547	TCGCTGCCCGG
1	supercont2.7	830386	830376	12.9162	1.76e-05	0.547	TCGGTCAGCGA
1	supercont2.7	903298	903308	12.9162	1.76e-05	0.547	TCGGCCTCCGG
1	supercont2.7	1256831	1256841	12.9162	1.76e-05	0.547	TCGGTCAGCGA
1	supercont2.7	1684562	1684572	12.9162	1.76e-05	0.547	TCGGTCAGCGA
1	supercont2.7	1912018	1912028	12.9162	1.76e-05	0.547	TCGCTGCCCGG
1	supercont2.7	1947288	1947278	12.9162	1.76e-05	0.547	TCGGTCAGCGA
1	supercont2.7	2186217	2186227	12.9162	1.76e-05	0.547	TCGGTCAGCGA
1	supercont2.7	2237530	2237540	12.9162	1.76e-05	0.547	TCGGTCAGCGA
1	supercont2.7	76385	76375	12.6336	1.95e-05	0.571	TCGTTCAGCGA
1	supercont2.7	810677	810667	12.6336	1.95e-05	0.571	TCGTTCAGCGA
1	supercont2.7	934446	934456	12.6336	1.95e-05	0.571	TCGTCCTCCGG
1	supercont2.7	1033713	1033703	12.6336	1.95e-05	0.571	TCGCTGGGCGA
1	supercont2.7	1650010	1650000	12.6336	1.95e-05	0.571	TCGCTGGGCGA
1	supercont2.7	1657952	1657942	12.6336	1.95e-05	0.571	TCGTTCAGCGA
1	supercont2.7	1687119	1687129	12.6336	1.95e-05	0.571	TCGTCCTCCGG
1	supercont2.7	2105174	2105164	12.6336	1.95e-05	0.571	TCGCCGACCGG
1	supercont2.7	2130994	2131004	12.6336	1.95e-05	0.571	TCGCTGCGCGA
1	supercont2.7	591127	591137	12.4453	2.06e-05	0.59	TCGGCTCCCGA
1	supercont2.7	1732705	1732695	12.4453	2.06e-05	0.59	TCGGCTGCCGA
1	supercont2.7	2155773	2155763	12.4453	2.06e-05	0.59	TCGGTCCCCGG
1	supercont2.7	1893398	1893408	12.3511	2.14e-05	0.605	TCGTACGCCGA
1	supercont2.7	2195192	2195182	12.3511	2.14e-05	0.605	TCGTCCTGCGA
1	supercont2.7	1405125	1405135	12.2569	2.19e-05	0.605	TCGGAGACCGA
1	supercont2.7	1782341	1782331	12.2569	2.19e-05	0.605	TCGTTGTGCGA
1	supercont2.7	2134210	2134200	12.2569	2.19e-05	0.605	TCGGAGACCGA
1	supercont2.7	2213920	2213930	12.2569	2.19e-05	0.605	TCGGAGACCGA
1	supercont2.7	99594	99604	12.1627	2.29e-05	0.614	TCGGTCCGCGA
1	supercont2.7	624433	624423	12.1627	2.29e-05	0.614	TCGGTCGGCGA
1	supercont2.7	830246	830256	12.1627	2.29e-05	0.614	TCGTTCGCCGG
1	supercont2.7	945217	945207	12.1627	2.29e-05	0.614	TCGGTCGGCGA
1	supercont2.7	1496079	1496089	12.1627	2.29e-05	0.614	TCGTCTGCCGA
1	supercont2.7	564784	564794	12.0685	2.34e-05	0.614	TCGCCTTCCGG
1	supercont2.7	1328949	1328939	12.0685	2.34e-05	0.614	TCGGTGACCGG
1	supercont2.7	985542	985532	11.9743	2.38e-05	0.614	TCGTAGACCGA
1	supercont2.7	1006389	1006399	11.9743	2.38e-05	0.614	TCGCACTGCGA
1	supercont2.7	360973	360963	11.8801	2.46e-05	0.614	TCGTTCGGCGA
1	supercont2.7	851831	851841	11.8801	2.46e-05	0.614	TCGGCCAGCGA
1	supercont2.7	1089990	1090000	11.8801	2.46e-05	0.614	TCGGCCAGCGA
1	supercont2.7	1721359	1721369	11.8801	2.46e-05	0.614	TCGGCCAGCGA
1	supercont2.7	2170330	2170320	11.8801	2.46e-05	0.614	TCGTCCACCGG
1	supercont2.7	2199445	2199435	11.8801	2.46e-05	0.614	TCGGCCAGCGA
1	supercont2.7	2216427	2216437	11.8801	2.46e-05	0.614	TCGTCCACCGG
1	supercont2.7	2238368	2238358	11.8801	2.46e-05	0.614	TCGGCCAGCGA
1	supercont2.7	309997	310007	11.786	2.57e-05	0.627	TCGTTGACCGG
1	supercont2.7	759472	759462	11.786	2.57e-05	0.627	TCGCATCCCGA
1	supercont2.7	1388730	1388720	11.786	2.57e-05	0.627	TCGCTCTGCGG
1	supercont2.7	1907260	1907270	11.786	2.57e-05	0.627	TCGGTGAGCGA
1	supercont2.7	1546760	1546770	11.5976	2.65e-05	0.642	TCGTCCAGCGA
1	supercont2.7	2119356	2119366	11.5976	2.65e-05	0.642	TCGCCGCGCGA
1	supercont2.7	1300533	1300523	11.5034	2.76e-05	0.656	TCGCACACCGG
1	supercont2.7	1391467	1391457	11.5034	2.76e-05	0.656	TCGGCGTGCGA
1	supercont2.7	1641339	1641329	11.5034	2.76e-05	0.656	TCGTTGAGCGA
1	supercont2.7	1215995	1216005	11.4092	2.8e-05	0.656	TCGGCCCCCGG
1	supercont2.7	637873	637883	11.315	2.87e-05	0.656	TCGCTTGGCGA
1	supercont2.7	1180486	1180496	11.315	2.87e-05	0.656	TCGCTTCGCGA
1	supercont2.7	1488694	1488684	11.315	2.87e-05	0.656	TCGGTGCCCGG
1	supercont2.7	1628808	1628798	11.315	2.87e-05	0.656	TCGGTGGCCGG
1	supercont2.7	1835701	1835711	11.315	2.87e-05	0.656	TCGGTGCCCGG
1	supercont2.7	1705083	1705073	11.2208	2.98e-05	0.656	TCGTAGCCCGA
1	supercont2.7	914574	914584	11.2208	2.98e-05	0.656	TCGCACAGCGA
1	supercont2.7	1916082	1916092	11.2208	2.98e-05	0.656	TCGGTTTGCGA
1	supercont2.7	1917863	1917873	11.2208	2.98e-05	0.656	TCGTAGCCCGA
1	supercont2.7	2312985	2312995	11.2208	2.98e-05	0.656	TCGTAGCCCGA
1	supercont2.7	598336	598326	11.1267	3.04e-05	0.656	TCGCAGTCCGG
1	supercont2.7	999561	999551	11.1267	3.04e-05	0.656	TCGGCCGGCGA
1	supercont2.7	2252744	2252734	11.1267	3.04e-05	0.656	TCGTCCGCCGG
1	supercont2.7	93083	93093	11.0325	3.14e-05	0.656	TCGTTGCCCGG
1	supercont2.7	224838	224848	11.0325	3.14e-05	0.656	TCGTTGGCCGG
1	supercont2.7	258560	258570	11.0325	3.14e-05	0.656	TCGTTGCCCGG
1	supercont2.7	346102	346112	11.0325	3.14e-05	0.656	TCGTTGGCCGG
1	supercont2.7	888482	888492	11.0325	3.14e-05	0.656	TCGGTGCGCGA
1	supercont2.7	1149629	1149639	11.0325	3.14e-05	0.656	TCGTTGGCCGG
1	supercont2.7	1175456	1175446	11.0325	3.14e-05	0.656	TCGTTGGCCGG
1	supercont2.7	2190390	2190400	11.0325	3.14e-05	0.656	TCGGTGGGCGA
1	supercont2.7	55270	55260	10.9383	3.18e-05	0.656	TCGGATACCGA
1	supercont2.7	1771976	1771986	10.9383	3.18e-05	0.656	TCGGATACCGA
1	supercont2.7	2081260	2081250	10.9383	3.18e-05	0.656	TCGGATACCGA
1	supercont2.7	761253	761263	10.8441	3.23e-05	0.656	TCGTCCGGCGA
1	supercont2.7	1006399	1006389	10.8441	3.23e-05	0.656	TCGCAGTGCGA
1	supercont2.7	1786552	1786542	10.8441	3.23e-05	0.656	TCGTCCGGCGA
1	supercont2.7	180204	180194	10.7499	3.34e-05	0.656	TCGTTGGGCGA
1	supercont2.7	182739	182749	10.7499	3.34e-05	0.656	TCGTTGGGCGA
1	supercont2.7	384393	384383	10.7499	3.34e-05	0.656	TCGTCGACCGG
1	supercont2.7	408911	408921	10.7499	3.34e-05	0.656	TCGTTGGGCGA
1	supercont2.7	850351	850341	10.7499	3.34e-05	0.656	TCGCCCTGCGG
1	supercont2.7	2027727	2027717	10.7499	3.34e-05	0.656	TCGCCCTGCGG
1	supercont2.7	2191268	2191278	10.7499	3.34e-05	0.656	TCGGCGAGCGA
1	supercont2.7	2204822	2204812	10.7499	3.34e-05	0.656	TCGGCGAGCGA
1	supercont2.7	1131668	1131678	10.6557	3.39e-05	0.656	TCGGACTCCGG
1	supercont2.7	2223905	2223915	10.6557	3.39e-05	0.656	TCGGACTCCGG
1	supercont2.7	608325	608315	10.5615	3.43e-05	0.656	TCGCCTGCCGG
1	supercont2.7	1258094	1258104	10.5615	3.43e-05	0.656	TCGCGCTCCGA
1	supercont2.7	1459764	1459774	10.5615	3.43e-05	0.656	TCGCGCTCCGA
1	supercont2.7	1825312	1825322	10.5615	3.43e-05	0.656	TCGCCTCCCGG
1	supercont2.7	1835507	1835497	10.5615	3.43e-05	0.656	TCGCGCTCCGA
1	supercont2.7	781212	781202	10.4673	3.57e-05	0.656	TCGCACGGCGA
1	supercont2.7	1211732	1211742	10.4673	3.57e-05	0.656	TCGCACGGCGA
1	supercont2.7	1315954	1315944	10.4673	3.57e-05	0.656	TCGCACCGCGA
1	supercont2.7	1410389	1410379	10.4673	3.57e-05	0.656	TCGCACCGCGA
1	supercont2.7	1422774	1422764	10.3732	3.62e-05	0.656	TCGCAGACCGG
1	supercont2.7	1662436	1662446	10.3732	3.62e-05	0.656	TCGGACTGCGA
1	supercont2.7	1681099	1681089	10.3732	3.62e-05	0.656	TCGGACTGCGA
1	supercont2.7	807587	807597	10.279	3.69e-05	0.656	TCGCTCGGCGG
1	supercont2.7	897728	897738	10.279	3.69e-05	0.656	TCGCTCCGCGG
1	supercont2.7	988243	988233	10.279	3.69e-05	0.656	TCGCCTCGCGA
1	supercont2.7	2203575	2203585	10.279	3.69e-05	0.656	TCGCTCGGCGG
1	supercont2.7	384926	384916	10.1848	3.79e-05	0.656	TCGGTCTGCGG
1	supercont2.7	406703	406693	10.1848	3.79e-05	0.656	TCGGATCCCGA
1	supercont2.7	667650	667640	10.1848	3.79e-05	0.656	TCGTCTTCCGG
1	supercont2.7	754068	754058	10.1848	3.79e-05	0.656	TCGGCTTGCGA
1	supercont2.7	787321	787331	10.1848	3.79e-05	0.656	TCGTTTAGCGA
1	supercont2.7	1322562	1322552	10.1848	3.79e-05	0.656	TCGGATGCCGA
1	supercont2.7	99884	99894	10.0906	3.83e-05	0.656	TCGCAGAGCGA
1	supercont2.7	188210	188200	10.0906	3.83e-05	0.656	TCGCAGAGCGA
1	supercont2.7	207747	207737	9.99642	3.97e-05	0.656	GCGCTCTCCGA
1	supercont2.7	207876	207866	9.99642	3.97e-05	0.656	TCGGCGGGCGA
1	supercont2.7	244550	244540	9.99642	3.97e-05	0.656	ACGCTCTCCGA
1	supercont2.7	302011	302021	9.99642	3.97e-05	0.656	TCGTCGGCCGG
1	supercont2.7	585708	585698	9.99642	3.97e-05	0.656	TCGCTCTCCGT
1	supercont2.7	771131	771141	9.99642	3.97e-05	0.656	TCGCTCTCCGC
1	supercont2.7	1448846	1448836	9.99642	3.97e-05	0.656	TCGGTTGCCGG
1	supercont2.7	1501531	1501541	9.99642	3.97e-05	0.656	TCGTCGCCCGG
1	supercont2.7	1842274	1842264	9.99642	3.97e-05	0.656	TCGCTCTCCGC
1	supercont2.7	2096583	2096593	9.99642	3.97e-05	0.656	TCGCCCAGCGG
1	supercont2.7	2122393	2122383	9.99642	3.97e-05	0.656	TCGGCGGGCGA
1	supercont2.7	2161354	2161344	9.99642	3.97e-05	0.656	TCGGTTCCCGG
1	supercont2.7	2176694	2176704	9.99642	3.97e-05	0.656	TCGTCGCCCGG
1	supercont2.7	82540	82530	9.90223	4.09e-05	0.656	CCGCTCTCCGA
1	supercont2.7	246638	246648	9.90223	4.09e-05	0.656	TCGTATGCCGA
1	supercont2.7	328119	328129	9.90223	4.09e-05	0.656	TCGTATCCCGA
1	supercont2.7	662582	662572	9.90223	4.09e-05	0.656	TCGTCTTGCGA
1	supercont2.7	895033	895043	9.90223	4.09e-05	0.656	TCGTCTTGCGA
1	supercont2.7	1650123	1650133	9.90223	4.09e-05	0.656	TCGTCTTGCGA
1	supercont2.7	2152277	2152287	9.90223	4.09e-05	0.656	TCGTATGCCGA
1	supercont2.7	888492	888482	9.80805	4.14e-05	0.656	TCGCGCACCGA
1	supercont2.7	1101312	1101322	9.80805	4.14e-05	0.656	TCGCTCTACGA
1	supercont2.7	1607459	1607449	9.80805	4.14e-05	0.656	TCGCTCTACGA
1	supercont2.7	2121059	2121049	9.80805	4.14e-05	0.656	TCGCATTCCGG
1	supercont2.7	2140418	2140428	9.80805	4.14e-05	0.656	TCGCTCTACGA
1	supercont2.7	59356	59346	9.71386	4.43e-05	0.656	TCGCTCTCAGA
1	supercont2.7	93934	93944	9.71386	4.43e-05	0.656	TCGTCGGGCGA
1	supercont2.7	190848	190858	9.71386	4.43e-05	0.656	TCGTCGCGCGA
1	supercont2.7	198996	198986	9.71386	4.43e-05	0.656	TCGTTTGCCGG
1	supercont2.7	247724	247734	9.71386	4.43e-05	0.656	TAGCTCTCCGA
1	supercont2.7	661774	661764	9.71386	4.43e-05	0.656	TGGCTCTCCGA
1	supercont2.7	699275	699265	9.71386	4.43e-05	0.656	TCGCTCTCAGA
1	supercont2.7	790767	790757	9.71386	4.43e-05	0.656	TCGGCTACCGG
1	supercont2.7	808604	808594	9.71386	4.43e-05	0.656	TCGCTCTCCAA
1	supercont2.7	862182	862172	9.71386	4.43e-05	0.656	TCGCTCTTCGA
1	supercont2.7	1172779	1172789	9.71386	4.43e-05	0.656	TCGCTCTCGGA
1	supercont2.7	1366483	1366473	9.71386	4.43e-05	0.656	TCGGTTCGCGA
1	supercont2.7	1430840	1430850	9.71386	4.43e-05	0.656	TCACTCTCCGA
1	supercont2.7	1729073	1729083	9.71386	4.43e-05	0.656	TAGCTCTCCGA
1	supercont2.7	1820618	1820608	9.71386	4.43e-05	0.656	TCACTCTCCGA
1	supercont2.7	2023814	2023804	9.71386	4.43e-05	0.656	TCGCTCTCCAA
1	supercont2.7	2081906	2081916	9.71386	4.43e-05	0.656	TCGGCTACCGG
1	supercont2.7	2101961	2101971	9.71386	4.43e-05	0.656	TCGTCGGGCGA
1	supercont2.7	94259	94269	9.61967	4.61e-05	0.656	TCGCAGCCCGG
1	supercont2.7	383096	383086	9.61967	4.61e-05	0.656	TCTCTCTCCGA
1	supercont2.7	400521	400531	9.61967	4.61e-05	0.656	TCCCTCTCCGA
1	supercont2.7	595658	595648	9.61967	4.61e-05	0.656	TCGTACACCGG
1	supercont2.7	671945	671935	9.61967	4.61e-05	0.656	TCGCTCTCCTA
1	supercont2.7	936909	936899	9.61967	4.61e-05	0.656	TCTCTCTCCGA
1	supercont2.7	1104053	1104043	9.61967	4.61e-05	0.656	TTGCTCTCCGA
1	supercont2.7	1479188	1479178	9.61967	4.61e-05	0.656	TTGCTCTCCGA
1	supercont2.7	1582099	1582089	9.61967	4.61e-05	0.656	TCGCTCTCCTA
1	supercont2.7	1666766	1666776	9.61967	4.61e-05	0.656	TCGCAGGCCGG
1	supercont2.7	1700192	1700202	9.61967	4.61e-05	0.656	TCGCTCTCCCA
1	supercont2.7	1761988	1761998	9.61967	4.61e-05	0.656	TTGCTCTCCGA
1	supercont2.7	1988378	1988388	9.61967	4.61e-05	0.656	TTGCTCTCCGA
1	supercont2.7	2162911	2162921	9.61967	4.61e-05	0.656	TCTCTCTCCGA
1	supercont2.7	2196044	2196034	9.61967	4.61e-05	0.656	TCGGACAGCGA
1	supercont2.7	2205673	2205663	9.61967	4.61e-05	0.656	TCGGACAGCGA
1	supercont2.7	2209391	2209401	9.61967	4.61e-05	0.656	TCGGACAGCGA
1	supercont2.7	2217261	2217271	9.61967	4.61e-05	0.656	TCGGACAGCGA
1	supercont2.7	2219568	2219558	9.61967	4.61e-05	0.656	TCGCTCTCCCA
1	supercont2.7	2221013	2221023	9.61967	4.61e-05	0.656	TCGCCGTGCGG
1	supercont2.7	2247339	2247349	9.61967	4.61e-05	0.656	TCGGACAGCGA
1	supercont2.7	2279436	2279446	9.61967	4.61e-05	0.656	TCTCTCTCCGA
1	supercont2.7	334843	334833	9.52549	4.65e-05	0.656	TCGCATTGCGA
1	supercont2.7	1680337	1680327	9.52549	4.65e-05	0.656	TCGCATTGCGA
1	supercont2.7	2209368	2209378	9.52549	4.65e-05	0.656	TCGCATTGCGA
1	supercont2.7	348026	348016	9.4313	4.78e-05	0.66	TCGACCTCCGA
1	supercont2.7	650559	650549	9.4313	4.78e-05	0.66	TCGTTTGGCGA
1	supercont2.7	738369	738359	9.4313	4.78e-05	0.66	TCGGCTAGCGA
1	supercont2.7	767787	767777	9.4313	4.78e-05	0.66	TCGACCTCCGA
1	supercont2.7	1910097	1910107	9.4313	4.78e-05	0.66	TCGTCTACCGG
1	supercont2.7	2229895	2229885	9.4313	4.78e-05	0.66	TCGACCTCCGA
1	supercont2.7	149859	149849	9.33712	4.87e-05	0.66	TCGCTTTGCGG
1	supercont2.7	298714	298724	9.33712	4.87e-05	0.66	TCGCAGCGCGA
1	supercont2.7	472040	472030	9.33712	4.87e-05	0.66	TCGATGTCCGA
1	supercont2.7	511259	511269	9.33712	4.87e-05	0.66	TCGATGTCCGA
1	supercont2.7	818586	818576	9.33712	4.87e-05	0.66	TCGCAGCGCGA
1	supercont2.7	2034869	2034859	9.33712	4.87e-05	0.66	TCGTACAGCGA
1	supercont2.7	2083439	2083449	9.33712	4.87e-05	0.66	TCGCAGGGCGA
1	supercont2.7	425412	425422	9.24293	4.98e-05	0.669	TCGCCCGGCGG
1	supercont2.7	661822	661812	9.24293	4.98e-05	0.669	TCGCCCGGCGG
1	supercont2.7	2219048	2219058	9.24293	4.98e-05	0.669	TCGGAGTGCGA
1	supercont2.7	148201	148191	9.14874	5.09e-05	0.676	TCGCTGCGCGG
1	supercont2.7	327032	327042	9.14874	5.09e-05	0.676	TCGTTCAGCGG
1	supercont2.7	1094358	1094348	9.14874	5.09e-05	0.676	TCGGCCTGCGG
1	supercont2.7	2103869	2103879	9.14874	5.09e-05	0.676	TCGCTGCGCGG
1	supercont2.7	15423	15433	9.05456	5.16e-05	0.679	TCGCGCCCCGA
1	supercont2.7	328168	328158	9.05456	5.16e-05	0.679	TCGGTGTGCGG
1	supercont2.7	1641329	1641339	9.05456	5.16e-05	0.679	TCGCTCAACGA
1	supercont2.7	211199	211209	8.96037	5.48e-05	0.679	TCGTAGTGCGA
1	supercont2.7	303328	303338	8.96037	5.48e-05	0.679	GCGCCCTCCGA
1	supercont2.7	738359	738369	8.96037	5.48e-05	0.679	TCGCTAGCCGA
1	supercont2.7	1257589	1257599	8.96037	5.48e-05	0.679	TCGGCTCCCGG
1	supercont2.7	1359460	1359470	8.96037	5.48e-05	0.679	TCGCTCATCGA
1	supercont2.7	1686635	1686645	8.96037	5.48e-05	0.679	TCGCTCACAGA
1	supercont2.7	2043568	2043578	8.96037	5.48e-05	0.679	TGGCTCACCGA
1	supercont2.7	2058262	2058272	8.96037	5.48e-05	0.679	TCGCTCACAGA
1	supercont2.7	502678	502668	8.96037	5.48e-05	0.679	TCGCTCATCGA
1	supercont2.7	656748	656738	8.96037	5.48e-05	0.679	ACGCCCTCCGA
1	supercont2.7	744166	744156	8.96037	5.48e-05	0.679	TCGATCCCCGA
1	supercont2.7	908386	908376	8.96037	5.48e-05	0.679	TCGCTACCCGA
1	supercont2.7	950873	950863	8.96037	5.48e-05	0.679	TCACTCACCGA
1	supercont2.7	1251245	1251235	8.96037	5.48e-05	0.679	TCGCCCTCCGC
1	supercont2.7	1349955	1349945	8.96037	5.48e-05	0.679	GCGCCCTCCGA
1	supercont2.7	1665199	1665189	8.96037	5.48e-05	0.679	TAGCTCACCGA
1	supercont2.7	2012776	2012766	8.96037	5.48e-05	0.679	TCGATCGCCGA
1	supercont2.7	55260	55270	8.86619	5.76e-05	0.679	TCGGTATCCGA
1	supercont2.7	159293	159303	8.86619	5.76e-05	0.679	TCGCTGTCCGC
1	supercont2.7	281013	281023	8.86619	5.76e-05	0.679	CCGCCCTCCGA
1	supercont2.7	468108	468118	8.86619	5.76e-05	0.679	GCGCTGTCCGA
1	supercont2.7	875316	875326	8.86619	5.76e-05	0.679	TCGCTCACCCA
1	supercont2.7	1192745	1192755	8.86619	5.76e-05	0.679	TCGTACCCCGG
1	supercont2.7	1216612	1216622	8.86619	5.76e-05	0.679	TCCCTCACCGA
1	supercont2.7	1499388	1499398	8.86619	5.76e-05	0.679	TCGTACCCCGG
1	supercont2.7	2040616	2040626	8.86619	5.76e-05	0.679	GCGCTGTCCGA
1	supercont2.7	2081250	2081260	8.86619	5.76e-05	0.679	TCGGTATCCGA
1	supercont2.7	2228370	2228380	8.86619	5.76e-05	0.679	TCGTCCTGCGG
1	supercont2.7	3469	3459	8.86619	5.76e-05	0.679	TCGCTGTCCGT
1	supercont2.7	148016	148006	8.86619	5.76e-05	0.679	TCGTCCTGCGG
1	supercont2.7	251556	251546	8.86619	5.76e-05	0.679	TCGTCCTGCGG
1	supercont2.7	398138	398128	8.86619	5.76e-05	0.679	TCGCTCACTGA
1	supercont2.7	551103	551093	8.86619	5.76e-05	0.679	TCGCTGTCCGC
1	supercont2.7	555699	555689	8.86619	5.76e-05	0.679	TCGGACGGCGA
1	supercont2.7	1554563	1554553	8.86619	5.76e-05	0.679	TCCCTCACCGA
1	supercont2.7	1771986	1771976	8.86619	5.76e-05	0.679	TCGGTATCCGA
1	supercont2.7	1964989	1964979	8.86619	5.76e-05	0.679	ACGCTGTCCGA
1	supercont2.7	2104842	2104832	8.86619	5.76e-05	0.679	TCGCTCACTGA
1	supercont2.7	2247369	2247359	8.86619	5.76e-05	0.679	ACGCTGTCCGA
1	supercont2.7	2307563	2307573	8.772	5.85e-05	0.679	TCGTTGTGCGG
1	supercont2.7	99604	99594	8.67781	6.12e-05	0.679	TCGCGGACCGA
1	supercont2.7	188820	188830	8.67781	6.12e-05	0.679	TCGCCCTCGGA
1	supercont2.7	368498	368488	8.67781	6.12e-05	0.679	TCGCCCTTCGA
1	supercont2.7	510492	510482	8.67781	6.12e-05	0.679	TCGTCTGCCGG
1	supercont2.7	533587	533597	8.67781	6.12e-05	0.679	TCGCCCTCCAA
1	supercont2.7	599182	599172	8.67781	6.12e-05	0.679	TCGTCTCCCGG
1	supercont2.7	950154	950164	8.67781	6.12e-05	0.679	TCGGTCGGCGG
1	supercont2.7	1002676	1002686	8.67781	6.12e-05	0.679	TCACCCTCCGA
1	supercont2.7	1091400	1091390	8.67781	6.12e-05	0.679	TCGGTCGGCGG
1	supercont2.7	1146502	1146512	8.67781	6.12e-05	0.679	TCGACCACCGA
1	supercont2.7	1166607	1166617	8.67781	6.12e-05	0.679	TCGCCCTCCAA
1	supercont2.7	1211497	1211487	8.67781	6.12e-05	0.679	TCGACCACCGA
1	supercont2.7	1227171	1227161	8.67781	6.12e-05	0.679	TCGGCTGGCGA
1	supercont2.7	1547225	1547215	8.67781	6.12e-05	0.679	TCGCCCTCCAA
1	supercont2.7	1596884	1596874	8.67781	6.12e-05	0.679	TCGCCCTCAGA
1	supercont2.7	1744817	1744807	8.67781	6.12e-05	0.679	TCGTCTCCCGG
1	supercont2.7	1920031	1920021	8.67781	6.12e-05	0.679	TCGCCCTTCGA
1	supercont2.7	2034859	2034869	8.67781	6.12e-05	0.679	TCGCTGTACGA
1	supercont2.7	43389	43379	8.58363	6.45e-05	0.679	TCGCCCTCTGA
1	supercont2.7	158388	158378	8.58363	6.45e-05	0.679	TCTCCCTCCGA
1	supercont2.7	295183	295193	8.58363	6.45e-05	0.679	TCGCCCTCTGA
1	supercont2.7	306973	306983	8.58363	6.45e-05	0.679	TCACTGTCCGA
1	supercont2.7	404252	404262	8.58363	6.45e-05	0.679	TCTCCCTCCGA
1	supercont2.7	786718	786728	8.58363	6.45e-05	0.679	TCACTGTCCGA
1	supercont2.7	838326	838336	8.58363	6.45e-05	0.679	TTGCCCTCCGA
1	supercont2.7	842204	842194	8.58363	6.45e-05	0.679	TCGATGACCGA
1	supercont2.7	869748	869738	8.58363	6.45e-05	0.679	TCGTACGGCGA
1	supercont2.7	905157	905167	8.58363	6.45e-05	0.679	TCGTACGGCGA
1	supercont2.7	956893	956883	8.58363	6.45e-05	0.679	TCGCTGTCGGA
1	supercont2.7	1123083	1123073	8.58363	6.45e-05	0.679	TCGCTGTCAGA
1	supercont2.7	1255655	1255645	8.58363	6.45e-05	0.679	TCGCTGTCAGA
1	supercont2.7	1341968	1341958	8.58363	6.45e-05	0.679	TCGCTGTCCAA
1	supercont2.7	1474700	1474690	8.58363	6.45e-05	0.679	TCGATGACCGA
1	supercont2.7	1612955	1612945	8.58363	6.45e-05	0.679	TCACTGTCCGA
1	supercont2.7	1695451	1695461	8.58363	6.45e-05	0.679	TTGCCCTCCGA
1	supercont2.7	1767145	1767155	8.58363	6.45e-05	0.679	TCCCCCTCCGA
1	supercont2.7	1859569	1859559	8.58363	6.45e-05	0.679	TCGCCCTCTGA
1	supercont2.7	1883860	1883870	8.58363	6.45e-05	0.679	TCGCTGTCCAA
1	supercont2.7	2053625	2053635	8.58363	6.45e-05	0.679	TAGCTGTCCGA
1	supercont2.7	758950	758960	8.48944	6.71e-05	0.679	ACGCTCGCCGA
1	supercont2.7	898569	898579	8.48944	6.71e-05	0.679	TCGCTGTCCCA
1	supercont2.7	1060482	1060492	8.48944	6.71e-05	0.679	TCTCTGTCCGA
1	supercont2.7	1216024	1216034	8.48944	6.71e-05	0.679	TCGCTCGCCGT
1	supercont2.7	1444890	1444900	8.48944	6.71e-05	0.679	TCGCTCGCCGC
1	supercont2.7	1457826	1457816	8.48944	6.71e-05	0.679	TCGCTCGCCGC
1	supercont2.7	1634938	1634948	8.48944	6.71e-05	0.679	GCGCTCGCCGA
1	supercont2.7	1754159	1754149	8.48944	6.71e-05	0.679	TCGCTCGCCGT
1	supercont2.7	1814130	1814120	8.48944	6.71e-05	0.679	GCGCTCCCCGA
1	supercont2.7	1998376	1998386	8.48944	6.71e-05	0.679	TCCCTGTCCGA
1	supercont2.7	2020618	2020628	8.48944	6.71e-05	0.679	TTGCTGTCCGA
1	supercont2.7	2045899	2045889	8.48944	6.71e-05	0.679	TCGCTGTCCTA
1	supercont2.7	2057117	2057107	8.48944	6.71e-05	0.679	TTGCTGTCCGA
1	supercont2.7	2122086	2122076	8.48944	6.71e-05	0.679	TCGCACTGCGG
1	supercont2.7	2171851	2171841	8.48944	6.71e-05	0.679	GCGCTCGCCGA
1	supercont2.7	2188150	2188160	8.48944	6.71e-05	0.679	TCGGAGAGCGA
1	supercont2.7	2210054	2210044	8.48944	6.71e-05	0.679	TCGGAGAGCGA
1	supercont2.7	174280	174270	8.39526	6.87e-05	0.679	ACGGTCTCCGA
1	supercont2.7	287522	287532	8.39526	6.87e-05	0.679	TCGTCTGGCGA
1	supercont2.7	329722	329712	8.39526	6.87e-05	0.679	TCGGCCAGCGG
1	supercont2.7	486019	486029	8.39526	6.87e-05	0.679	CCGCTCGCCGA
1	supercont2.7	506612	506602	8.39526	6.87e-05	0.679	TCGGTCTCCGT
1	supercont2.7	520124	520134	8.39526	6.87e-05	0.679	TCGTCTCGCGA
1	supercont2.7	580906	580916	8.39526	6.87e-05	0.679	TCGGTCTCCGT
1	supercont2.7	777539	777529	8.39526	6.87e-05	0.679	GCGGTCTCCGA
1	supercont2.7	777643	777633	8.39526	6.87e-05	0.679	TCGGCCAGCGG
1	supercont2.7	1013320	1013330	8.39526	6.87e-05	0.679	TCGGCCAGCGG
1	supercont2.7	1153088	1153098	8.39526	6.87e-05	0.679	TCGGTCTCCGC
1	supercont2.7	1238147	1238137	8.39526	6.87e-05	0.679	TCGGTCTCCGT
1	supercont2.7	1368548	1368558	8.39526	6.87e-05	0.679	TCGTCTCGCGA
1	supercont2.7	1405049	1405059	8.39526	6.87e-05	0.679	CCGCTCCCCGA
1	supercont2.7	1558643	1558653	8.39526	6.87e-05	0.679	TCGTCTCGCGA
1	supercont2.7	1667335	1667345	8.39526	6.87e-05	0.679	TCGTCTGGCGA
1	supercont2.7	2133437	2133447	8.39526	6.87e-05	0.679	TCGGTCTCCGT
1	supercont2.7	282366	282376	8.30107	6.99e-05	0.684	TCGCATCCCGG
1	supercont2.7	1690891	1690901	8.30107	6.99e-05	0.684	TCGACGTCCGA
1	supercont2.7	175084	175074	8.30107	6.99e-05	0.684	TCGACGTCCGA
1	supercont2.7	1527404	1527394	8.30107	6.99e-05	0.684	TCGACGTCCGA
1	supercont2.7	2284637	2284627	8.30107	6.99e-05	0.684	TCGCTCCACGA
1	supercont2.7	31453	31463	8.20688	7.33e-05	0.691	TCGGGCACCGA
1	supercont2.7	206412	206422	8.20688	7.33e-05	0.691	TCGCTCGCCAA
1	supercont2.7	540818	540828	8.20688	7.33e-05	0.691	TCGCTCCTCGA
1	supercont2.7	985532	985542	8.20688	7.33e-05	0.691	TCGGTCTACGA
1	supercont2.7	1106832	1106842	8.20688	7.33e-05	0.691	TGGCTCGCCGA
1	supercont2.7	1607449	1607459	8.20688	7.33e-05	0.691	TCGTAGAGCGA
1	supercont2.7	100879	100869	8.20688	7.33e-05	0.691	TCGCTCCTCGA
1	supercont2.7	294254	294244	8.20688	7.33e-05	0.691	GCGCCCACCGA
1	supercont2.7	673621	673611	8.20688	7.33e-05	0.691	TCGCTCGCAGA
1	supercont2.7	1101322	1101312	8.20688	7.33e-05	0.691	TCGTAGAGCGA
1	supercont2.7	1322051	1322041	8.20688	7.33e-05	0.691	TCGGATTCCGG
1	supercont2.7	1322248	1322238	8.20688	7.33e-05	0.691	TGGCTCGCCGA
1	supercont2.7	2136443	2136433	8.20688	7.33e-05	0.691	GCGCCCACCGA
1	supercont2.7	2140428	2140418	8.20688	7.33e-05	0.691	TCGTAGAGCGA
1	supercont2.7	2160030	2160020	8.20688	7.33e-05	0.691	TCACTCGCCGA
1	supercont2.7	2302228	2302218	8.20688	7.33e-05	0.691	TCGCTCGCCAA
1	supercont2.7	305379	305389	8.1127	7.88e-05	0.691	TCCCTCGCCGA
1	supercont2.7	391706	391716	8.1127	7.88e-05	0.691	TTGCTCCCCGA
1	supercont2.7	444035	444045	8.1127	7.88e-05	0.691	TCGCCGGGCGG
1	supercont2.7	738275	738285	8.1127	7.88e-05	0.691	TCCCTCCCCGA
1	supercont2.7	767563	767573	8.1127	7.88e-05	0.691	ACGCTGACCGA
1	supercont2.7	788228	788238	8.1127	7.88e-05	0.691	GCGTTCTCCGA
1	supercont2.7	942830	942840	8.1127	7.88e-05	0.691	TCGTTCTCCGC
1	supercont2.7	942902	942912	8.1127	7.88e-05	0.691	TCCCTCCCCGA
1	supercont2.7	948322	948332	8.1127	7.88e-05	0.691	TCAGTCTCCGA
1	supercont2.7	1395474	1395484	8.1127	7.88e-05	0.691	TCGGTCTCCAA
1	supercont2.7	1543835	1543845	8.1127	7.88e-05	0.691	TCAGTCTCCGA
1	supercont2.7	1588557	1588567	8.1127	7.88e-05	0.691	TGGGTCTCCGA
1	supercont2.7	1651100	1651110	8.1127	7.88e-05	0.691	TCGCTGACCGC
1	supercont2.7	1708278	1708288	8.1127	7.88e-05	0.691	TCGGTCTCGGA
1	supercont2.7	1789884	1789894	8.1127	7.88e-05	0.691	TCGGTCTCGGA
1	supercont2.7	1842439	1842449	8.1127	7.88e-05	0.691	TCAGTCTCCGA
1	supercont2.7	2115840	2115850	8.1127	7.88e-05	0.691	TCGGTAACCGA
1	supercont2.7	2141607	2141617	8.1127	7.88e-05	0.691	TCCCTCCCCGA
1	supercont2.7	2238625	2238635	8.1127	7.88e-05	0.691	TCGCTGACCGC
1	supercont2.7	166479	166469	8.1127	7.88e-05	0.691	GCGTTCTCCGA
1	supercont2.7	367817	367807	8.1127	7.88e-05	0.691	GCGTTCTCCGA
1	supercont2.7	443607	443597	8.1127	7.88e-05	0.691	TCTCTCCCCGA
1	supercont2.7	463182	463172	8.1127	7.88e-05	0.691	ACGCTGACCGA
1	supercont2.7	556188	556178	8.1127	7.88e-05	0.691	TCGCTCGCCCA
1	supercont2.7	705161	705151	8.1127	7.88e-05	0.691	TCGGTCTTCGA
1	supercont2.7	797040	797030	8.1127	7.88e-05	0.691	TCGGTCTCAGA
1	supercont2.7	1105015	1105005	8.1127	7.88e-05	0.691	TCAGTCTCCGA
1	supercont2.7	1232504	1232494	8.1127	7.88e-05	0.691	TAGGTCTCCGA
1	supercont2.7	1352777	1352767	8.1127	7.88e-05	0.691	TCGTCCAGCGG
1	supercont2.7	1368921	1368911	8.1127	7.88e-05	0.691	TCGCTCGCCTA
1	supercont2.7	1451740	1451730	8.1127	7.88e-05	0.691	TCCCTCGCCGA
1	supercont2.7	1520964	1520954	8.1127	7.88e-05	0.691	TCAGTCTCCGA
1	supercont2.7	1712157	1712147	8.1127	7.88e-05	0.691	TCGTCCAGCGG
1	supercont2.7	2134912	2134902	8.1127	7.88e-05	0.691	TCGCTCGCCCA
1	supercont2.7	2243431	2243421	8.1127	7.88e-05	0.691	TCGCTCCCTGA
1	supercont2.7	2320400	2320390	8.1127	7.88e-05	0.691	TCGCTCGCTGA
1	supercont2.7	2335380	2335370	8.1127	7.88e-05	0.691	TAGGTCTCCGA
1	supercont2.7	27576	27586	8.01851	8.15e-05	0.704	TCCGTCTCCGA
1	supercont2.7	180194	180204	8.01851	8.15e-05	0.704	TCGCCCAACGA
1	supercont2.7	965888	965898	8.01851	8.15e-05	0.704	TCGTTGAGCGG
1	supercont2.7	1407264	1407274	8.01851	8.15e-05	0.704	TCGTTGAGCGG
1	supercont2.7	2160881	2160891	8.01851	8.15e-05	0.704	TCCGTCTCCGA
1	supercont2.7	182749	182739	8.01851	8.15e-05	0.704	TCGCCCAACGA
1	supercont2.7	408921	408911	8.01851	8.15e-05	0.704	TCGCCCAACGA
1	supercont2.7	1630180	1630170	8.01851	8.15e-05	0.704	CCGTTCTCCGA
1	supercont2.7	26968	26978	7.92433	8.44e-05	0.706	TCGCCCACAGA
1	supercont2.7	76375	76385	7.92433	8.44e-05	0.706	TCGCTGAACGA
1	supercont2.7	149220	149230	7.92433	8.44e-05	0.706	TCGTATTCCGG
1	supercont2.7	750511	750521	7.92433	8.44e-05	0.706	TCGTATTCCGG
1	supercont2.7	810667	810677	7.92433	8.44e-05	0.706	TCGCTGAACGA
1	supercont2.7	1227161	1227171	7.92433	8.44e-05	0.706	TCGCCAGCCGA
1	supercont2.7	1431314	1431324	7.92433	8.44e-05	0.706	TCGCCCATCGA
1	supercont2.7	1657942	1657952	7.92433	8.44e-05	0.706	TCGCTGAACGA
1	supercont2.7	1724378	1724388	7.92433	8.44e-05	0.706	TCGCCCATCGA
1	supercont2.7	2329803	2329813	7.92433	8.44e-05	0.706	TCGCCCACCAA
1	supercont2.7	666179	666169	7.92433	8.44e-05	0.706	TCGCCCACCAA
1	supercont2.7	751970	751960	7.92433	8.44e-05	0.706	TCGTGCACCGA
1	supercont2.7	1374666	1374656	7.92433	8.44e-05	0.706	TGGCCCACCGA
1	supercont2.7	1402852	1402842	7.92433	8.44e-05	0.706	TCGCCCATCGA
1	supercont2.7	1825180	1825170	7.92433	8.44e-05	0.706	TCGCCCACCAA
1	supercont2.7	1842612	1842602	7.92433	8.44e-05	0.706	TCGACCGCCGA
1	supercont2.7	1922794	1922784	7.92433	8.44e-05	0.706	TCACCCACCGA
1	supercont2.7	237382	237392	7.83014	9e-05	0.708	TCGTTCTCCAA
1	supercont2.7	314596	314606	7.83014	9e-05	0.708	TCGCCCACCCA
1	supercont2.7	356140	356150	7.83014	9e-05	0.708	TCGCTGACCAA
1	supercont2.7	611251	611261	7.83014	9e-05	0.708	TGGTTCTCCGA
1	supercont2.7	751991	752001	7.83014	9e-05	0.708	TTGCCCACCGA
1	supercont2.7	884905	884915	7.83014	9e-05	0.708	TCGCTGACCAA
1	supercont2.7	1216028	1216038	7.83014	9e-05	0.708	TCGCCGTCCGC
1	supercont2.7	1222431	1222441	7.83014	9e-05	0.708	TCGATGCCCGA
1	supercont2.7	1279844	1279854	7.83014	9e-05	0.708	TCACTGACCGA
1	supercont2.7	1319337	1319347	7.83014	9e-05	0.708	TCGTTCTCAGA
1	supercont2.7	1322552	1322562	7.83014	9e-05	0.708	TCGGCATCCGA
1	supercont2.7	2118818	2118828	7.83014	9e-05	0.708	TCGATGCCCGA
1	supercont2.7	2208124	2208134	7.83014	9e-05	0.708	TCATTCTCCGA
1	supercont2.7	2242180	2242190	7.83014	9e-05	0.708	GCGCCGTCCGA
1	supercont2.7	2311360	2311370	7.83014	9e-05	0.708	TCGCCCACCCA
1	supercont2.7	60608	60598	7.83014	9e-05	0.708	TCGCTTCGCGG
1	supercont2.7	146847	146837	7.83014	9e-05	0.708	TCGCTTGGCGG
1	supercont2.7	378343	378333	7.83014	9e-05	0.708	TGGTTCTCCGA
1	supercont2.7	394740	394730	7.83014	9e-05	0.708	TCGTTCTTCGA
1	supercont2.7	417937	417927	7.83014	9e-05	0.708	TCGTTCTCCAA
1	supercont2.7	512724	512714	7.83014	9e-05	0.708	TCGCTGACAGA
1	supercont2.7	516858	516848	7.83014	9e-05	0.708	TCGCCCACTGA
1	supercont2.7	558789	558779	7.83014	9e-05	0.708	TCATTCTCCGA
1	supercont2.7	946559	946549	7.83014	9e-05	0.708	TCGTTCTCGGA
1	supercont2.7	960581	960571	7.83014	9e-05	0.708	TCGCTTGGCGG
1	supercont2.7	976569	976559	7.83014	9e-05	0.708	TCGTTCTTCGA
1	supercont2.7	1114750	1114740	7.83014	9e-05	0.708	TCCCCCACCGA
1	supercont2.7	1221982	1221972	7.83014	9e-05	0.708	TCGTTCTCAGA
1	supercont2.7	1338102	1338092	7.83014	9e-05	0.708	TTGCCCACCGA
1	supercont2.7	1653927	1653917	7.83014	9e-05	0.708	TCGTTCTCGGA
1	supercont2.7	1672573	1672563	7.83014	9e-05	0.708	TCGCTGACCAA
1	supercont2.7	1931152	1931142	7.83014	9e-05	0.708	TGGCTGACCGA
1	supercont2.7	1974682	1974672	7.83014	9e-05	0.708	TAGCTGACCGA
1	supercont2.7	2073265	2073255	7.83014	9e-05	0.708	TCGTTCTCCAA
1	supercont2.7	51045	51055	7.73595	9.37e-05	0.711	TCGTTCTCTGA
1	supercont2.7	53822	53832	7.73595	9.37e-05	0.711	TCGCTGACCTA
1	supercont2.7	109783	109793	7.73595	9.37e-05	0.711	TCGGAGGGCGA
1	supercont2.7	408088	408098	7.73595	9.37e-05	0.711	TCTCTGACCGA
1	supercont2.7	585783	585793	7.73595	9.37e-05	0.711	TCGGTTTGCGG
1	supercont2.7	1211795	1211805	7.73595	9.37e-05	0.711	TCCCTGACCGA
1	supercont2.7	1288181	1288191	7.73595	9.37e-05	0.711	TCGTTCTCTGA
1	supercont2.7	1835497	1835507	7.73595	9.37e-05	0.711	TCGGAGCGCGA
1	supercont2.7	1949514	1949524	7.73595	9.37e-05	0.711	TCGCTGACTGA
1	supercont2.7	491147	491137	7.73595	9.37e-05	0.711	TCGCACAGCGG
1	supercont2.7	788697	788687	7.73595	9.37e-05	0.711	TTGTTCTCCGA
1	supercont2.7	1025731	1025721	7.73595	9.37e-05	0.711	TCCTTCTCCGA
1	supercont2.7	1258104	1258094	7.73595	9.37e-05	0.711	TCGGAGCGCGA
1	supercont2.7	1459774	1459764	7.73595	9.37e-05	0.711	TCGGAGCGCGA
1	supercont2.7	1708874	1708864	7.73595	9.37e-05	0.711	TCGTAGCCCGG
1	supercont2.7	1888751	1888741	7.73595	9.37e-05	0.711	TTGCTGACCGA
1	supercont2.7	2069094	2069084	7.73595	9.37e-05	0.711	TCTTTCTCCGA
1	supercont2.7	2264988	2264978	7.73595	9.37e-05	0.711	TTGTTCTCCGA
1	supercont2.7	869738	869748	7.64177	9.49e-05	0.711	TCGCCGTACGA
1	supercont2.7	1225731	1225741	7.64177	9.49e-05	0.711	GCGGTCACCGA
1	supercont2.7	1648261	1648271	7.64177	9.49e-05	0.711	ACGGTCACCGA
1	supercont2.7	1895469	1895479	7.64177	9.49e-05	0.711	ACGGTCACCGA
1	supercont2.7	324881	324871	7.64177	9.49e-05	0.711	TCGGCCGGCGG
1	supercont2.7	905167	905157	7.64177	9.49e-05	0.711	TCGCCGTACGA
1	supercont2.7	1773832	1773822	7.64177	9.49e-05	0.711	ACGGTCACCGA
1	supercont2.7	2065060	2065050	7.64177	9.49e-05	0.711	TCGGTCACCGT
1	supercont2.7	390835	390845	7.54758	9.78e-05	0.711	TCGCCGTCGGA
1	supercont2.7	812204	812214	7.54758	9.78e-05	0.711	TCGCCGTTCGA
1	supercont2.7	850715	850725	7.54758	9.78e-05	0.711	TCGCCGTCGGA
1	supercont2.7	1007558	1007568	7.54758	9.78e-05	0.711	TCGTGGTCCGA
1	supercont2.7	1328939	1328949	7.54758	9.78e-05	0.711	CCGGTCACCGA
1	supercont2.7	1965937	1965947	7.54758	9.78e-05	0.711	TGGCCGTCCGA
1	supercont2.7	2027427	2027437	7.54758	9.78e-05	0.711	TCGACGACCGA
1	supercont2.7	161335	161325	7.54758	9.78e-05	0.711	TCGCCGTCAGA
1	supercont2.7	174684	174674	7.54758	9.78e-05	0.711	TCGCTTTCCGC
1	supercont2.7	187685	187675	7.54758	9.78e-05	0.711	TCGCCGTCAGA
1	supercont2.7	284859	284849	7.54758	9.78e-05	0.711	TCGCTTTCCGT
1	supercont2.7	403587	403577	7.54758	9.78e-05	0.711	TCGTCATCCGA
1	supercont2.7	564928	564918	7.54758	9.78e-05	0.711	GCGCTTTCCGA
1	supercont2.7	743975	743965	7.54758	9.78e-05	0.711	TCGTCATCCGA
1	supercont2.7	766621	766611	7.54758	9.78e-05	0.711	TCGCCGTCGGA
1	supercont2.7	913233	913223	7.54758	9.78e-05	0.711	TCGACGACCGA
1	supercont2.7	1053876	1053866	7.54758	9.78e-05	0.711	TCGTGGTCCGA
1	supercont2.7	1111817	1111807	7.54758	9.78e-05	0.711	GCGCTTTCCGA
1	supercont2.7	1383730	1383720	7.54758	9.78e-05	0.711	TCACCGTCCGA
1	supercont2.7	2184970	2184960	7.54758	9.78e-05	0.711	ACGCTTTCCGA
1	supercont2.7	2258320	2258310	7.54758	9.78e-05	0.711	TCGCCGTCGGA
